1,2,3,4,5,6,7,8,9,10,11,12,13,14,15,16,17,18,19,20,21,22,23,24,25,26,27,28,29,30,31,32,33,34,35,36,37,38,39,40,41,42,43,44,45,46,47,48,49,50
1,2,3,4,5,6,7,8,9,10,11,12,13,14,15,16,17,18,19,20,21,22,23,24,25,26,27,28,29,30,31,32,33,34,35,36,37,38,39,40,41,42,43,44,45,46,47,48,49,50
1,2,3,4,5,6,7,8,9,10,11,12,13,14,15,16,17,18,19,20,21,22,23,24,25,26,27,28,29,30,31,32,33,34,35,36,37,38,39,40,41,42,43,44,45,46,47,48,49,50
1,2,3,4,5,6,7,8,9,10,11,12,13,14,15,16,17,18,19,20,21,22,23,24,25,26,27,28,29,30,31,32,33,34,35,36,37,38,39,40,41,42,43,44,45,46,47,48,49,50
1,2,3,4,5,6,7,8,9,10,11,12,13,14,15,16,17,18,19,20,21,22,23,24,25,26,27,28,29,30,31,32,33,34,35,36,37,38,39,40,41,42,43,44,45,46,47,48,49,50
1,2,3,4,5,6,7,8,9,10,11,12,13,14,15,16,17,18,19,20,21,22,23,24,25,26,27,28,29,30,31,32,33,34,35,36,37,38,39,40,41,42,43,44,45,46,47,48,49,50
51,52,53,54,55,56,57,58,59,60,61,62,63,64,65,66,67,68,69,70,71,72,73,74,75,76,77,78,79,80,81,82,83,84,85,86,87,88,89,90,91,92,93,94,95,96,97,98,99,100
51,52,53,54,55,56,57,58,59,60,61,62,63,64,65,66,67,68,69,70,71,72,73,74,75,76,77,78,79,80,81,82,83,84,85,86,87,88,89,90,91,92,93,94,95,96,97,98,99,100
51,52,53,54,55,56,57,58,59,60,61,62,63,64,65,66,67,68,69,70,71,72,73,74,75,76,77,78,79,80,81,82,83,84,85,86,87,88,89,90,91,92,93,94,95,96,97,98,99,100
51,52,53,54,55,56,57,58,59,60,61,62,63,64,65,66,67,68,69,70,71,72,73,74,75,76,77,78,79,80,81,82,83,84,85,86,87,88,89,90,91,92,93,94,95,96,97,98,99,100
51,52,53,54,55,56,57,58,59,60,61,62,63,64,65,66,67,68,69,70,71,72,73,74,75,76,77,78,79,80,81,82,83,84,85,86,87,88,89,90,91,92,93,94,95,96,97,98,99,100
51,52,53,54,55,56,57,58,59,60,61,62,63,64,65,66,67,68,69,70,71,72,73,74,75,76,77,78,79,80,81,82,83,84,85,86,87,88,89,90,91,92,93,94,95,96,97,98,99,100
51,52,53,54,55,56,57,58,59,60,61,62,63,64,65,66,67,68,69,70,71,72,73,74,75,76,77,78,79,80,81,82,83,84,85,86,87,88,89,90,91,92,93,94,95,96,97,98,99,100
51,52,53,54,55,56,57,58,59,60,61,62,63,64,65,66,67,68,69,70,71,72,73,74,75,76,77,78,79,80,81,82,83,84,85,86,87,88,89,90,91,92,93,94,95,96,97,98,99,100
51,52,53,54,55,56,57,58,59,60,61,62,63,64,65,66,67,68,69,70,71,72,73,74,75,76,77,78,79,80,81,82,83,84,85,86,87,88,89,90,91,92,93,94,95,96,97,98,99,100
51,52,53,54,55,56,57,58,59,60,61,62,63,64,65,66,67,68,69,70,71,72,73,74,75,76,77,78,79,80,81,82,83,84,85,86,87,88,89,90,91,92,93,94,95,96,97,98,99,100
51,52,53,54,55,56,57,58,59,60,61,62,63,64,65,66,67,68,69,70,71,72,73,74,75,76,77,78,79,80,81,82,83,84,85,86,87,88,89,90,91,92,93,94,95,96,97,98,99,100
51,52,53,54,55,56,57,58,59,60,61,62,63,64,65,66,67,68,69,70,71,72,73,74,75,76,77,78,79,80,81,82,83,84,85,86,87,88,89,90,91,92,93,94,95,96,97,98,99,100
101,102,103,104,105,106,107,108,109,110,111,112,113,114,115,116,117,118,119,120,121,122,123,124,125,126,127,128,129,130,131,132,133,134,135,136,137,138,139,140,141,142,143,144,145,146,147,148,149,150
101,102,103,104,105,106,107,108,109,110,111,112,113,114,115,116,117,118,119,120,121,122,123,124,125,126,127,128,129,130,131,132,133,134,135,136,137,138,139,140,141,142,143,144,145,146,147,148,149,150
101,102,103,104,105,106,107,108,109,110,111,112,113,114,115,116,117,118,119,120,121,122,123,124,125,126,127,128,129,130,131,132,133,134,135,136,137,138,139,140,141,142,143,144,145,146,147,148,149,150
101,102,103,104,105,106,107,108,109,110,111,112,113,114,115,116,117,118,119,120,121,122,123,124,125,126,127,128,129,130,131,132,133,134,135,136,137,138,139,140,141,142,143,144,145,146,147,148,149,150
101,102,103,104,105,106,107,108,109,110,111,112,113,114,115,116,117,118,119,120,121,122,123,124,125,126,127,128,129,130,131,132,133,134,135,136,137,138,139,140,141,142,143,144,145,146,147,148,149,150
101,102,103,104,105,106,107,108,109,110,111,112,113,114,115,116,117,118,119,120,121,122,123,124,125,126,127,128,129,130,131,132,133,134,135,136,137,138,139,140,141,142,143,144,145,146,147,148,149,150
3,6,9,12,34,45,47,52,54,56,60,62,65,69,76,77,80,82,85,87,92,93,101,102,115,122,139,150
3,6,9,12,34,45,47,52,54,56,60,62,65,69,76,77,80,82,85,87,92,93,101,102,115,122,139,150
3,6,9,12,34,45,47,52,54,56,60,62,65,69,76,77,80,82,85,87,92,93,101,102,115,122,139,150
3,6,9,12,34,45,47,52,54,56,60,62,65,69,76,77,80,82,85,87,92,93,101,102,115,122,139,150
3,6,9,12,34,45,47,52,54,56,60,62,65,69,76,77,80,82,85,87,92,93,101,102,115,122,139,150
3,6,9,12,34,45,47,52,54,56,60,62,65,69,76,77,80,82,85,87,92,93,101,102,115,122,139,150
16,20,23,26,27,29,36,39,44,51,52,57,59,63,66,68,69,75,94,106,109,112,117,135,142,145,146,147,148
16,20,23,26,27,29,36,39,44,51,52,57,59,63,66,68,69,75,94,106,109,112,117,135,142,145,146,147,148
16,20,23,26,27,29,36,39,44,51,52,57,59,63,66,68,69,75,94,106,109,112,117,135,142,145,146,147,148
14,17,19,20,29,33,48,49,50,58,59,64,68,69,70,90,95,99,100,105,106,107,108,109,112,116,124,132,134,143,146,147,148
14,17,19,20,29,33,48,49,50,58,59,64,68,69,70,90,95,99,100,105,106,107,108,109,112,116,124,132,134,143,146,147,148
14,17,19,20,29,33,48,49,50,58,59,64,68,69,70,90,95,99,100,105,106,107,108,109,112,116,124,132,134,143,146,147,148
1,2,3,4,5,6,7,8,9,10,11,12,13,14,15,16,17,18,19,20,21,22,23,24,25,26,27,28,29,30,31,32,33,34,35,36,37,38,39,40,41,42,43,44,45,46,47,48,49,50,51,52,53,54,55,56,57,58,59,60,61,62,63,64,65,66,67,68,69,70,71,72,73,74,75
1,2,3,4,5,6,7,8,9,10,11,12,13,14,15,16,17,18,19,20,21,22,23,24,25,26,27,28,29,30,31,32,33,34,35,36,37,38,39,40,41,42,43,44,45,46,47,48,49,50,51,52,53,54,55,56,57,58,59,60,61,62,63,64,65,66,67,68,69,70,71,72,73,74,75
1,2,3,4,5,6,7,8,9,10,11,12,13,14,15,16,17,18,19,20,21,22,23,24,25,26,27,28,29,30,31,32,33,34,35,36,37,38,39,40,41,42,43,44,45,46,47,48,49,50,51,52,53,54,55,56,57,58,59,60,61,62,63,64,65,66,67,68,69,70,71,72,73,74,75
1,2,3,4,5,6,7,8,9,10,11,12,13,14,15,16,17,18,19,20,21,22,23,24,25,26,27,28,29,30,31,32,33,34,35,36,37,38,39,40,41,42,43,44,45,46,47,48,49,50,51,52,53,54,55,56,57,58,59,60,61,62,63,64,65,66,67,68,69,70,71,72,73,74,75
1,2,3,4,5,6,7,8,9,10,11,12,13,14,15,16,17,18,19,20,21,22,23,24,25,26,27,28,29,30,31,32,33,34,35,36,37,38,39,40,41,42,43,44,45,46,47,48,49,50,51,52,53,54,55,56,57,58,59,60,61,62,63,64,65,66,67,68,69,70,71,72,73,74,75
1,2,3,4,5,6,7,8,9,10,11,12,13,14,15,16,17,18,19,20,21,22,23,24,25,26,27,28,29,30,31,32,33,34,35,36,37,38,39,40,41,42,43,44,45,46,47,48,49,50,51,52,53,54,55,56,57,58,59,60,61,62,63,64,65,66,67,68,69,70,71,72,73,74,75
76,77,78,79,80,81,82,83,84,85,86,87,88,89,90,91,92,93,94,95,96,97,98,99,100,101,102,103,104,105,106,107,108,109,110,111,112,113,114,115,116,117,118,119,120,121,122,123,124,125,126,127,128,129,130,131,132,133,134,135,136,137,138,139,140,141,142,143,144,145,146,147,148,149,150
76,77,78,79,80,81,82,83,84,85,86,87,88,89,90,91,92,93,94,95,96,97,98,99,100,101,102,103,104,105,106,107,108,109,110,111,112,113,114,115,116,117,118,119,120,121,122,123,124,125,126,127,128,129,130,131,132,133,134,135,136,137,138,139,140,141,142,143,144,145,146,147,148,149,150
76,77,78,79,80,81,82,83,84,85,86,87,88,89,90,91,92,93,94,95,96,97,98,99,100,101,102,103,104,105,106,107,108,109,110,111,112,113,114,115,116,117,118,119,120,121,122,123,124,125,126,127,128,129,130,131,132,133,134,135,136,137,138,139,140,141,142,143,144,145,146,147,148,149,150
76,77,78,79,80,81,82,83,84,85,86,87,88,89,90,91,92,93,94,95,96,97,98,99,100,101,102,103,104,105,106,107,108,109,110,111,112,113,114,115,116,117,118,119,120,121,122,123,124,125,126,127,128,129,130,131,132,133,134,135,136,137,138,139,140,141,142,143,144,145,146,147,148,149,150
76,77,78,79,80,81,82,83,84,85,86,87,88,89,90,91,92,93,94,95,96,97,98,99,100,101,102,103,104,105,106,107,108,109,110,111,112,113,114,115,116,117,118,119,120,121,122,123,124,125,126,127,128,129,130,131,132,133,134,135,136,137,138,139,140,141,142,143,144,145,146,147,148,149,150
76,77,78,79,80,81,82,83,84,85,86,87,88,89,90,91,92,93,94,95,96,97,98,99,100,101,102,103,104,105,106,107,108,109,110,111,112,113,114,115,116,117,118,119,120,121,122,123,124,125,126,127,128,129,130,131,132,133,134,135,136,137,138,139,140,141,142,143,144,145,146,147,148,149,150
1,4,7,10,13,15,16,18,21,22,42,53,63,79,81,83,86,87,88,103,104,119,120,121,125,126,127,129,130,131,133,136,137,138,140
1,4,7,10,21,22,53,63,81,83,86,87,88,103,127,133,138,140
1,4,7,10,21,22,53,63,81,83,86,87,88,103,127,133,138,140
1,2,3,4,5,6,7,8,9,10,11,12,13,14,15,16,17,18,19,20,21,22,23,24,25,26,27,28,29,30,31,32,33,34,35,36,37,38,39,40,41,42,43,44,45,46,47,48,49,50
1,2,3,4,5,6,7,8,9,10,11,12,13,14,15,16,17,18,19,20,21,22,23,24,25,26,27,28,29,30,31,32,33,34,35,36,37,38,39,40,41,42,43,44,45,46,47,48,49,50
1,2,3,4,5,6,7,8,9,10,11,12,13,14,15,16,17,18,19,20,21,22,23,24,25,26,27,28,29,30,31,32,33,34,35,36,37,38,39,40,41,42,43,44,45,46,47,48,49,50
1,2,3,4,5,6,7,8,9,10,11,12,13,14,15,16,17,18,19,20,21,22,23,24,25,26,27,28,29,30,31,32,33,34,35,36,37,38,39,40,41,42,43,44,45,46,47,48,49,50
1,2,3,4,5,6,7,8,9,10,11,12,13,14,15,16,17,18,19,20,21,22,23,24,25,26,27,28,29,30,31,32,33,34,35,36,37,38,39,40,41,42,43,44,45,46,47,48,49,50
1,2,3,4,5,6,7,8,9,10,11,12,13,14,15,16,17,18,19,20,21,22,23,24,25,26,27,28,29,30,31,32,33,34,35,36,37,38,39,40,41,42,43,44,45,46,47,48,49,50
3,6,9,12,34,45,47,52,54,56,60,62,65,69,76,77,80,82,85,87,92,93,101,102,115,122,139,150
3,6,9,12,34,45,47,52,54,56,60,62,65,69,76,77,80,82,85,87,92,93,101,102,115,122,139,150
25,30,31,35,36,39,40,46,55,59,73,74,78,89,91,97,98,101,102,103,104,114,115,118,123,128
25,30,31,35,36,39,40,46,55,59,73,74,78,89,91,97,98,101,102,103,104,114,115,118,123,128
51,52,53,54,55,56,57,58,59,60,61,62,63,64,65,66,67,68,69,70,71,72,73,74,75,76,77,78,79,80,81,82,83,84,85,86,87,88,89,90,91,92,93,94,95,96,97,98,99,100
51,52,53,54,55,56,57,58,59,60,61,62,63,64,65,66,67,68,69,70,71,72,73,74,75,76,77,78,79,80,81,82,83,84,85,86,87,88,89,90,91,92,93,94,95,96,97,98,99,100
51,52,53,54,55,56,57,58,59,60,61,62,63,64,65,66,67,68,69,70,71,72,73,74,75,76,77,78,79,80,81,82,83,84,85,86,87,88,89,90,91,92,93,94,95,96,97,98,99,100
51,52,53,54,55,56,57,58,59,60,61,62,63,64,65,66,67,68,69,70,71,72,73,74,75,76,77,78,79,80,81,82,83,84,85,86,87,88,89,90,91,92,93,94,95,96,97,98,99,100
51,52,53,54,55,56,57,58,59,60,61,62,63,64,65,66,67,68,69,70,71,72,73,74,75,76,77,78,79,80,81,82,83,84,85,86,87,88,89,90,91,92,93,94,95,96,97,98,99,100
101,102,103,104,105,106,107,108,109,110,111,112,113,114,115,116,117,118,119,120,121,122,123,124,125,126,127,128,129,130,131,132,133,134,135,136,137,138,139,140,141,142,143,144,145,146,147,148,149,150
101,102,103,104,105,106,107,108,109,110,111,112,113,114,115,116,117,118,119,120,121,122,123,124,125,126,127,128,129,130,131,132,133,134,135,136,137,138,139,140,141,142,143,144,145,146,147,148,149,150
101,102,103,104,105,106,107,108,109,110,111,112,113,114,115,116,117,118,119,120,121,122,123,124,125,126,127,128,129,130,131,132,133,134,135,136,137,138,139,140,141,142,143,144,145,146,147,148,149,150
1,4,7,10,14,17,19,21,22,33,48,49,50,53,58,63,64,70,81,83,86,87,88,90,95,99,100,103,105,107,108,116,124,127,132,133,134,138,140,143
1,4,7,10,14,17,19,21,22,33,48,49,50,53,58,63,64,70,81,83,86,87,88,90,95,99,100,103,105,107,108,116,124,127,132,133,134,138,140,143
1,4,7,10,14,17,19,21,22,33,48,49,50,53,58,63,64,70,81,83,86,87,88,90,95,99,100,103,105,107,108,116,124,127,132,133,134,138,140,143
16,20,23,26,27,29,36,39,44,51,52,57,59,63,66,68,69,75,94,106,109,112,117,135,142,145,146,147,148
16,20,23,26,27,29,36,39,44,51,52,57,59,63,66,68,69,75,94,106,109,112,117,135,142,145,146,147,148
17,18,48,49,57,71,86,90,93,94,95,100,120,125,129,131,143,144
17,18,48,49,57,71,86,90,93,94,95,100,120,125,129,131,143,144
17,18,48,49,57,71,86,90,93,94,95,100,120,125,129,131,143,144
3,6,9,12,24,34,41,43,45,47,52,54,56,60,62,65,69,76,77,80,82,85,87,92,93,101,102,115,122,139,141,150
3,6,9,12,24,34,41,43,45,47,52,54,56,60,62,65,69,76,77,80,82,85,87,92,93,101,102,115,122,139,141,150
24,25,30,31,35,36,40,41,43,46,55,73,74,78,89,91,97,98,101,102,103,104,114,115,123,128,141
24,25,30,31,35,36,40,41,43,46,55,73,74,78,89,91,97,98,101,102,103,104,114,115,123,128,141
14,17,19,20,29,33,48,49,50,58,59,64,68,69,70,90,95,99,100,105,106,107,108,109,112,116,124,132,134,143,146,147,148
14,17,19,20,29,33,48,49,50,58,59,64,68,69,70,90,95,99,100,105,106,107,108,109,112,116,124,132,134,143,146,147,148
14,17,19,20,29,33,48,49,50,58,59,64,68,69,70,90,95,99,100,105,106,107,108,109,112,116,124,132,134,143,146,147,148
51,52,53,54,55,56,57,58,59,60,61,62,63,64,65,66,67,68,69,70,71,72,73,74,75,76,77,78,79,80,81,82,83,84,85,86,87,88,89,90,91,92,93,94,95,96,97,98,99,100
101,102,103,104,105,106,107,108,109,110,111,112,113,114,115,116,117,118,119,120,121,122,123,124,125,126,127,128,129,130,131,132,133,134,135,136,137,138,139,140,141,142,143,144,145,146,147,148,149,150
24,25,30,31,35,36,40,41,43,46,55,73,74,78,89,91,97,98,101,102,103,104,114,115,123,128,141
24,25,30,31,35,36,40,41,43,46,55,73,74,78,89,91,97,98,101,102,103,104,114,115,123,128,141
101,102,103,104,105,106,107,108,109,110,111,112,113,114,115,116,117,118,119,120,121,122,123,124,125,126,127,128,129,130,131,132,133,134,135,136,137,138,139,140,141,142,143,144,145,146,147,148,149,150
101,102,103,104,105,106,107,108,109,110,111,112,113,114,115,116,117,118,119,120,121,122,123,124,125,126,127,128,129,130,131,132,133,134,135,136,137,138,139,140,141,142,143,144,145,146,147,148,149,150
101,102,103,104,105,106,107,108,109,110,111,112,113,114,115,116,117,118,119,120,121,122,123,124,125,126,127,128,129,130,131,132,133,134,135,136,137,138,139,140,141,142,143,144,145,146,147,148,149,150
101,102,103,104,105,106,107,108,109,110,111,112,113,114,115,116,117,118,119,120,121,122,123,124,125,126,127,128,129,130,131,132,133,134,135,136,137,138,139,140,141,142,143,144,145,146,147,148,149,150
101,102,103,104,105,106,107,108,109,110,111,112,113,114,115,116,117,118,119,120,121,122,123,124,125,126,127,128,129,130,131,132,133,134,135,136,137,138,139,140,141,142,143,144,145,146,147,148,149,150
101,102,103,104,105,106,107,108,109,110,111,112,113,114,115,116,117,118,119,120,121,122,123,124,125,126,127,128,129,130,131,132,133,134,135,136,137,138,139,140,141,142,143,144,145,146,147,148,149,150
16,20,23,26,27,29,36,39,44,51,52,57,59,63,66,68,69,75,94,106,109,112,117,135,142,145,146,147,148
16,20,23,26,27,29,36,39,44,51,52,57,59,63,66,68,69,75,94,106,109,112,117,135,142,145,146,147,148
16,20,23,26,27,29,36,39,44,51,52,57,59,63,66,68,69,75,94,106,109,112,117,135,142,145,146,147,148
16,20,23,26,27,29,36,39,44,51,52,57,59,63,66,68,69,75,94,106,109,112,117,135,142,145,146,147,148
16,20,23,26,27,29,36,39,44,51,52,57,59,63,66,68,69,75,94,106,109,112,117,135,142,145,146,147,148
16,20,23,26,27,29,36,39,44,51,52,57,59,63,66,68,69,75,94,106,109,112,117,135,142,145,146,147,148
151,152,153,154,155,156,157,158,159,160,161,162,163,164,165,166,167,168,169,170,171,172,173,174,175,176,177,178,179,180,181,182,183,184,185,186,187,188,189,190,191,192,193,194,195,196,197,198,199,200
151,152,153,154,155,156,157,158,159,160,161,162,163,164,165,166,167,168,169,170,171,172,173,174,175,176,177,178,179,180,181,182,183,184,185,186,187,188,189,190,191,192,193,194,195,196,197,198,199,200
151,152,153,154,155,156,157,158,159,160,161,162,163,164,165,166,167,168,169,170,171,172,173,174,175,176,177,178,179,180,181,182,183,184,185,186,187,188,189,190,191,192,193,194,195,196,197,198,199,200
151,152,153,154,155,156,157,158,159,160,161,162,163,164,165,166,167,168,169,170,171,172,173,174,175,176,177,178,179,180,181,182,183,184,185,186,187,188,189,190,191,192,193,194,195,196,197,198,199,200
152,155,158,161,163,164,165,180,191,198,199,213,214,215,217,225,228,235,244,246,247,248
152,155,158,161,163,164,165,180,191,198,199,213,214,215,217,225,228,235,244,246,247,248
152,155,158,161,163,164,165,180,191,198,199,213,214,215,217,225,228,235,244,246,247,248
152,155,158,161,163,164,165,180,191,198,199,213,214,215,217,225,228,235,244,246,247,248
152,155,158,161,163,164,165,180,191,198,199,213,214,215,217,225,228,235,244,246,247,248
152,155,158,161,163,164,165,180,191,198,199,213,214,215,217,225,228,235,244,246,247,248
152,155,158,161,163,164,165,180,191,198,199,213,214,215,217,225,228,235,244,246,247,248
152,155,158,161,163,164,165,180,191,198,199,213,214,215,217,225,228,235,244,246,247,248
152,155,158,161,163,164,165,180,191,198,199,213,214,215,217,225,228,235,244,246,247,248
152,155,158,161,163,164,165,180,191,198,199,213,214,215,217,225,228,235,244,246,247,248
201,202,203,204,205,206,207,208,209,210,211,212,213,214,215,216,217,218,219,220,221,222,223,224,225,226,227,228,229,230,231,232,233,234,235,236,237,238,239,240,241,242,243,244,245,246,247,248,249,250
201,202,203,204,205,206,207,208,209,210,211,212,213,214,215,216,217,218,219,220,221,222,223,224,225,226,227,228,229,230,231,232,233,234,235,236,237,238,239,240,241,242,243,244,245,246,247,248,249,250
201,202,203,204,205,206,207,208,209,210,211,212,213,214,215,216,217,218,219,220,221,222,223,224,225,226,227,228,229,230,231,232,233,234,235,236,237,238,239,240,241,242,243,244,245,246,247,248,249,250
201,202,203,204,205,206,207,208,209,210,211,212,213,214,215,216,217,218,219,220,221,222,223,224,225,226,227,228,229,230,231,232,233,234,235,236,237,238,239,240,241,242,243,244,245,246,247,248,249,250
201,202,203,204,205,206,207,208,209,210,211,212,213,214,215,216,217,218,219,220,221,222,223,224,225,226,227,228,229,230,231,232,233,234,235,236,237,238,239,240,241,242,243,244,245,246,247,248,249,250
201,202,203,204,205,206,207,208,209,210,211,212,213,214,215,216,217,218,219,220,221,222,223,224,225,226,227,228,229,230,231,232,233,234,235,236,237,238,239,240,241,242,243,244,245,246,247,248,249,250
276,280,285,288,293,298,299,301,316,318,319,324,332,334,336,339
276,280,285,288,293,298,299,301,316,318,319,324,332,334,336,339
276,280,285,288,293,298,299,301,316,318,319,324,332,334,336,339
276,280,285,288,293,298,299,301,316,318,319,324,332,334,336,339
276,280,285,288,293,298,299,301,316,318,319,324,332,334,336,339
276,280,285,288,293,298,299,301,316,318,319,324,332,334,336,339
301,302,303,304,305,306,307,308,309,310,311,312,313,314,315,316,317,318,319,320,321,322,323,324,325,326,327,328,329,330,331,332,333,334,335,336,337,338,339,340,341,342,343,344,345,346,347,348,349,350
301,302,303,304,305,306,307,308,309,310,311,312,313,314,315,316,317,318,319,320,321,322,323,324,325,326,327,328,329,330,331,332,333,334,335,336,337,338,339,340,341,342,343,344,345,346,347,348,349,350
301,302,303,304,305,306,307,308,309,310,311,312,313,314,315,316,317,318,319,320,321,322,323,324,325,326,327,328,329,330,331,332,333,334,335,336,337,338,339,340,341,342,343,344,345,346,347,348,349,350
301,302,303,304,305,306,307,308,309,310,311,312,313,314,315,316,317,318,319,320,321,322,323,324,325,326,327,328,329,330,331,332,333,334,335,336,337,338,339,340,341,342,343,344,345,346,347,348,349,350
301,302,303,304,305,306,307,308,309,310,311,312,313,314,315,316,317,318,319,320,321,322,323,324,325,326,327,328,329,330,331,332,333,334,335,336,337,338,339,340,341,342,343,344,345,346,347,348,349,350
301,302,303,304,305,306,307,308,309,310,311,312,313,314,315,316,317,318,319,320,321,322,323,324,325,326,327,328,329,330,331,332,333,334,335,336,337,338,339,340,341,342,343,344,345,346,347,348,349,350
301,302,303,304,305,306,307,308,309,310,311,312,313,314,315,316,317,318,319,320,321,322,323,324,325,326,327,328,329,330,331,332,333,334,335,336,337,338,339,340,341,342,343,344,345,346,347,348,349,350
301,302,303,304,305,306,307,308,309,310,311,312,313,314,315,316,317,318,319,320,321,322,323,324,325,326,327,328,329,330,331,332,333,334,335,336,337,338,339,340,341,342,343,344,345,346,347,348,349,350
258,261,263,264,265,276,280,288,291,293,298,299,301,313,314,315,317,318,319,324,328,332,339,344,347,348
258,261,263,264,265,276,280,288,291,293,298,299,301,313,314,315,317,318,319,324,328,332,339,344,347,348
251,252,253,254,255,256,257,258,259,260,261,262,263,264,265,266,267,268,269,270,271,272,273,274,275,276,277,278,279,280,281,282,283,284,285,286,287,288,289,290,291,292,293,294,295,296,297,298,299,300
251,252,253,254,255,256,257,258,259,260,261,262,263,264,265,266,267,268,269,270,271,272,273,274,275,276,277,278,279,280,281,282,283,284,285,286,287,288,289,290,291,292,293,294,295,296,297,298,299,300
267,269,270,272,273,277,278,280,283,285,289,293,295,297,298,299,300,301,302,303,306,310,316,318,319,321,323,330,333,334,336,337
267,269,270,272,273,277,278,280,283,285,289,293,295,297,298,299,300,301,302,303,306,310,316,318,319,321,323,330,333,334,336,337
419,420,421,422,423,424,425,426,427,428,429,430,431,432,433,434,435,436,437,438,439,440,441,442,443,444,445,446,447,448,449,450,451,452,453,454,455,456,457,458,459,460,461,462,463,464,465,466,467,468,469,470,471,472,473,474,475,476,477,478,479,480,481,482,483,484,485,486
419,420,421,422,423,424,425,426,427,428,429,430,431,432,433,434,435,436,437,438,439,440,441,442,443,444,445,446,447,448,449,450,451,452,453,454,455,456,457,458,459,460,461,462,463,464,465,466,467,468,469,470,471,472,473,474,475,476,477,478,479,480,481,482,483,484,485,486
419,420,421,422,423,424,425,426,427,428,429,430,431,432,433,434,435,436,437,438,439,440,441,442,443,444,445,446,447,448,449,450,451,452,453,454,455,456,457,458,459,460,461,462,463,464,465,466,467,468,469,470,471,472,473,474,475,476,477,478,479,480,481,482,483,484,485,486
419,420,421,422,423,424,425,426,427,428,429,430,431,432,433,434,435,436,437,438,439,440,441,442,443,444,445,446,447,448,449,450,451,452,453,454,455,456,457,458,459,460,461,462,463,464,465,466,467,468,469,470,471,472,473,474,475,476,477,478,479,480,481,482,483,484,485,486
419,420,421,422,423,424,425,426,427,428,429,430,431,432,433,434,435,436,437,438,439,440,441,442,443,444,445,446,447,448,449,450,451,452,453,454,455,456,457,458,459,460,461,462,463,464,465,466,467,468,469,470,471,472,473,474,475,476,477,478,479,480,481,482,483,484,485,486
419,420,421,422,423,424,425,426,427,428,429,430,431,432,433,434,435,436,437,438,439,440,441,442,443,444,445,446,447,448,449,450,451,452,453,454,455,456,457,458,459,460,461,462,463,464,465,466,467,468,469,470,471,472,473,474,475,476,477,478,479,480,481,482,483,484,485,486
351,352,353,354,355,356,357,358,359,360,361,362,363,364,365,366,367,368,369,370,371,372,373,374,375,376,377,378,379,380,381,382,383,384,385,386,387,388,389,390,391,392,393,394,395,396,397,398,399,400,401,402,403,404,405,406,407,408,409,410,411,412,413,414,415,416,417,418
351,352,353,354,355,356,357,358,359,360,361,362,363,364,365,366,367,368,369,370,371,372,373,374,375,376,377,378,379,380,381,382,383,384,385,386,387,388,389,390,391,392,393,394,395,396,397,398,399,400,401,402,403,404,405,406,407,408,409,410,411,412,413,414,415,416,417,418
351,352,353,354,355,356,357,358,359,360,361,362,363,364,365,366,367,368,369,370,371,372,373,374,375,376,377,378,379,380,381,382,383,384,385,386,387,388,389,390,391,392,393,394,395,396,397,398,399,400,401,402,403,404,405,406,407,408,409,410,411,412,413,414,415,416,417,418
351,352,353,354,355,356,357,358,359,360,361,362,363,364,365,366,367,368,369,370,371,372,373,374,375,376,377,378,379,380,381,382,383,384,385,386,387,388,389,390,391,392,393,394,395,396,397,398,399,400,401,402,403,404,405,406,407,408,409,410,411,412,413,414,415,416,417,418
351,352,353,354,355,356,357,358,359,360,361,362,363,364,365,366,367,368,369,370,371,372,373,374,375,376,377,378,379,380,381,382,383,384,385,386,387,388,389,390,391,392,393,394,395,396,397,398,399,400,401,402,403,404,405,406,407,408,409,410,411,412,413,414,415,416,417,418
351,352,353,354,355,356,357,358,359,360,361,362,363,364,365,366,367,368,369,370,371,372,373,374,375,376,377,378,379,380,381,382,383,384,385,386,387,388,389,390,391,392,393,394,395,396,397,398,399,400,401,402,403,404,405,406,407,408,409,410,411,412,413,414,415,416,417,418
352,354,355,356,357,373,396,399,404,407,408,432,439,443,451,463,466,469,472,474,476,480,481,482,483,485
352,354,355,356,357,373,396,399,404,407,408,432,439,443,451,463,466,469,472,474,476,480,481,482,483,485
352,354,355,356,357,373,396,399,404,407,408,432,439,443,451,463,466,469,472,474,476,480,481,482,483,485
352,354,355,356,357,373,396,399,404,407,408,432,439,443,451,463,466,469,472,474,476,480,481,482,483,485
367,368,379,381,389,390,391,392,393,399,400,403,406,425,440,444,445,458,464,465,466,471,473,475,479,486
367,368,379,381,389,390,391,392,393,399,400,403,406,425,440,444,445,458,464,465,466,471,473,475,479,486
367,368,379,381,389,390,391,392,393,399,400,403,406,425,440,444,445,458,464,465,466,471,473,475,479,486
367,368,379,381,389,390,391,392,393,399,400,403,406,425,440,444,445,458,464,465,466,471,473,475,479,486
487,488,489,490,491,492,493,494,495,496,497,498,499,500,501,502,503,504,505,506,507,508,509,510,511,512,513,514,515,516,517,518,519,520,521,522,523,524,525,526,527,528,529,530,531,532,533,534,535,536
487,488,489,490,491,492,493,494,495,496,497,498,499,500,501,502,503,504,505,506,507,508,509,510,511,512,513,514,515,516,517,518,519,520,521,522,523,524,525,526,527,528,529,530,531,532,533,534,535,536
487,488,489,490,491,492,493,494,495,496,497,498,499,500,501,502,503,504,505,506,507,508,509,510,511,512,513,514,515,516,517,518,519,520,521,522,523,524,525,526,527,528,529,530,531,532,533,534,535,536
487,488,489,490,491,492,493,494,495,496,497,498,499,500,501,502,503,504,505,506,507,508,509,510,511,512,513,514,515,516,517,518,519,520,521,522,523,524,525,526,527,528,529,530,531,532,533,534,535,536
537,538,539,540,541,542,543,544,545,546,547,548,549,550,551,552,553,554,555,556,557,558,559,560,561,562,563,564,565,566,567,568,569,570,571,572,573,574,575,576,577,578,579,580,581,582,583,584,585,586
537,538,539,540,541,542,543,544,545,546,547,548,549,550,551,552,553,554,555,556,557,558,559,560,561,562,563,564,565,566,567,568,569,570,571,572,573,574,575,576,577,578,579,580,581,582,583,584,585,586
537,538,539,540,541,542,543,544,545,546,547,548,549,550,551,552,553,554,555,556,557,558,559,560,561,562,563,564,565,566,567,568,569,570,571,572,573,574,575,576,577,578,579,580,581,582,583,584,585,586
537,538,539,540,541,542,543,544,545,546,547,548,549,550,551,552,553,554,555,556,557,558,559,560,561,562,563,564,565,566,567,568,569,570,571,572,573,574,575,576,577,578,579,580,581,582,583,584,585,586
537,538,539,540,541,542,543,544,545,546,547,548,549,550,551,552,553,554,555,556,557,558,559,560,561,562,563,564,565,566,567,568,569,570,571,572,573,574,575,576,577,578,579,580,581,582,583,584,585,586
537,538,539,540,541,542,543,544,545,546,547,548,549,550,551,552,553,554,555,556,557,558,559,560,561,562,563,564,565,566,567,568,569,570,571,572,573,574,575,576,577,578,579,580,581,582,583,584,585,586
537,538,539,540,541,542,543,544,545,546,547,548,549,550,551,552,553,554,555,556,557,558,559,560,561,562,563,564,565,566,567,568,569,570,571,572,573,574,575,576,577,578,579,580,581,582,583,584,585,586
537,538,539,540,541,542,543,544,545,546,547,548,549,550,551,552,553,554,555,556,557,558,559,560,561,562,563,564,565,566,567,568,569,570,571,572,573,574,575,576,577,578,579,580,581,582,583,584,585,586
487,490,493,496,507,508,513,520,521,523,524,542,545,546,558,559,560,572,573,582,585,593,606
487,490,493,496,507,508,513,520,521,523,524,542,545,546,558,559,560,572,573,582,585,593,606
587,588,589,590,591,592,593,594,595,596,597,598,599,600,601,602,603,604,605,606,607,608,609,610,611,612,613,614,615,616,617,618,619,620,621,622
587,588,589,590,591,592,593,594,595,596,597,598,599,600,601,602,603,604,605,606,607,608,609,610,611,612,613,614,615,616,617,618,619,620,621,622
587,588,589,590,591,592,593,594,595,596,597,598,599,600,601,602,603,604,605,606,607,608,609,610,611,612,613,614,615,616,617,618,619,620,621,622
587,588,589,590,591,592,593,594,595,596,597,598,599,600,601,602,603,604,605,606,607,608,609,610,611,612,613,614,615,616,617,618,619,620,621,622
487,490,493,496,503,507,517,520,521,523,524,525,527,529,535,536,539,542,545,561,573,580,581,585,593,606,607,609,611,615,622
487,490,493,496,503,507,517,520,521,523,524,525,527,529,535,536,539,542,545,561,573,580,581,585,593,606,607,609,611,615,622
623,624,625,626,627,628,629,630,631,632,633,634,635,636,637,638,639,640,641,642,643,644,645,646,647,648,649,650,651,652,653,654,655,656,657,658,659,660,661,662,663,664,665,666,667,668,669,670,671,672,673,674,675,676,677,678,679,680,681,682,683,684,685,686,687,688,689,690
623,624,625,626,627,628,629,630,631,632,633,634,635,636,637,638,639,640,641,642,643,644,645,646,647,648,649,650,651,652,653,654,655,656,657,658,659,660,661,662,663,664,665,666,667,668,669,670,671,672,673,674,675,676,677,678,679,680,681,682,683,684,685,686,687,688,689,690
625,628,631,634,638,642,647,651,654,659,669,674,684,687,688,693,700,714,722,724,736,738,744,746,748
625,628,631,634,638,642,647,651,654,659,669,674,684,687,688,693,700,714,722,724,736,738,744,746,748
631,632,635,636,638,644,645,647,654,667,668,679,680,681,682,683,695,699,701,702,703,708,711,713,715,723,731,732,733,735,737,740,741,754,756,757
631,632,635,636,638,644,645,647,654,667,668,679,680,681,682,683,695,699,701,702,703,708,711,713,715,723,731,732,733,735,737,740,741,754,756,757
691,692,693,694,695,696,697,698,699,700,701,702,703,704,705,706,707,708,709,710,711,712,713,714,715,716,717,718,719,720,721,722,723,724,725,726,727,728,729,730,731,732,733,734,735,736,737,738,739,740,741,742,743,744,745,746,747,748,749,750,751,752,753,754,755,756,757,758
691,692,693,694,695,696,697,698,699,700,701,702,703,704,705,706,707,708,709,710,711,712,713,714,715,716,717,718,719,720,721,722,723,724,725,726,727,728,729,730,731,732,733,734,735,736,737,738,739,740,741,742,743,744,745,746,747,748,749,750,751,752,753,754,755,756,757,758
637,640,641,642,650,652,658,664,666,669,673,674,685,686,691,692,701,703,705,719,720,721,722,725,727,734,740,749,756
637,640,641,642,650,652,658,664,666,669,673,674,685,686,691,692,701,703,705,719,720,721,722,725,727,734,740,749,756
624,645,649,653,676,686,710,713,715,718,739,744,751,753,755
624,645,649,653,676,686,710,713,715,718,739,744,751,753,755
625,628,630,631,633,634,637,638,642,643,647,648,651,654,659,669,674,677,684,687,688,693,696,700,707,714,720,722,724,731,736,738,744,746,748
625,628,630,631,633,634,637,638,642,643,647,648,651,654,659,669,674,677,684,687,688,693,696,700,707,714,720,722,724,731,736,738,744,746,748
630,631,632,633,635,636,637,638,643,647,648,654,667,668,677,679,680,681,682,683,688,696,699,701,702,707,708,711,713,715,720,723,731,732,733,735,737,741,754,757
630,631,632,633,635,636,637,638,643,647,648,654,667,668,677,679,680,681,682,683,688,696,699,701,702,707,708,711,713,715,720,723,731,732,733,735,737,741,754,757
630,633,634,637,643,644,645,648,677,683,688,695,696,703,707,711,720,731,733,735,740,756
630,633,634,637,643,644,645,648,677,683,688,695,696,703,707,711,720,731,733,735,740,756
635,651,670,678,689,690,701,703,713,732,736,737,741
635,651,670,678,689,690,701,703,713,732,736,737,741
827,828,829,830,831,832,833,834,835,836,837,838,839,840,841,842,843,844,845,846,847,848,849,850,851,852,853,854,855,856,857,858,859,860,861,862,863,864,865,866,867,868,869,870,871,872,873,874,875,876,877,878,879,880,881,882,883,884,885,886,887,888,889,890,891,892,893,894
827,828,829,830,831,832,833,834,835,836,837,838,839,840,841,842,843,844,845,846,847,848,849,850,851,852,853,854,855,856,857,858,859,860,861,862,863,864,865,866,867,868,869,870,871,872,873,874,875,876,877,878,879,880,881,882,883,884,885,886,887,888,889,890,891,892,893,894
827,828,829,830,831,832,833,834,835,836,837,838,839,840,841,842,843,844,845,846,847,848,849,850,851,852,853,854,855,856,857,858,859,860,861,862,863,864,865,866,867,868,869,870,871,872,873,874,875,876,877,878,879,880,881,882,883,884,885,886,887,888,889,890,891,892,893,894
827,828,829,830,831,832,833,834,835,836,837,838,839,840,841,842,843,844,845,846,847,848,849,850,851,852,853,854,855,856,857,858,859,860,861,862,863,864,865,866,867,868,869,870,871,872,873,874,875,876,877,878,879,880,881,882,883,884,885,886,887,888,889,890,891,892,893,894
773,776,777,778,786,788,794,800,802,805,809,810,821,822,827,828,837,839,841,855,856,857,858,861,863,870,876,885,892
773,776,777,778,786,788,794,800,802,805,809,810,821,822,827,828,837,839,841,855,856,857,858,861,863,870,876,885,892
775,778,786,788,789,794,797,799,801,807,808,811,828,833,841,852,853,861,876,879,881,883,885,887,894
775,778,786,788,789,794,797,799,801,807,808,811,828,833,841,852,853,861,876,879,881,883,885,887,894
759,760,761,762,763,764,765,766,767,768,769,770,771,772,773,774,775,776,777,778,779,780,781,782,783,784,785,786,787,788,789,790,791,792,793,794,795,796,797,798,799,800,801,802,803,804,805,806,807,808,809,810,811,812,813,814,815,816,817,818,819,820,821,822,823,824,825,826
759,760,761,762,763,764,765,766,767,768,769,770,771,772,773,774,775,776,777,778,779,780,781,782,783,784,785,786,787,788,789,790,791,792,793,794,795,796,797,798,799,800,801,802,803,804,805,806,807,808,809,810,811,812,813,814,815,816,817,818,819,820,821,822,823,824,825,826
759,760,761,762,763,764,765,766,767,768,769,770,771,772,773,774,775,776,777,778,779,780,781,782,783,784,785,786,787,788,789,790,791,792,793,794,795,796,797,798,799,800,801,802,803,804,805,806,807,808,809,810,811,812,813,814,815,816,817,818,819,820,821,822,823,824,825,826
759,760,761,762,763,764,765,766,767,768,769,770,771,772,773,774,775,776,777,778,779,780,781,782,783,784,785,786,787,788,789,790,791,792,793,794,795,796,797,798,799,800,801,802,803,804,805,806,807,808,809,810,811,812,813,814,815,816,817,818,819,820,821,822,823,824,825,826
759,760,761,762,763,764,765,766,767,768,769,770,771,772,773,774,775,776,777,778,779,780,781,782,783,784,785,786,787,788,789,790,791,792,793,794,795,796,797,798,799,800,801,802,803,804,805,806,807,808,809,810,811,812,813,814,815,816,817,818,819,820,821,822,823,824,825,826
759,760,761,762,763,764,765,766,767,768,769,770,771,772,773,774,775,776,777,778,779,780,781,782,783,784,785,786,787,788,789,790,791,792,793,794,795,796,797,798,799,800,801,802,803,804,805,806,807,808,809,810,811,812,813,814,815,816,817,818,819,820,821,822,823,824,825,826
759,760,761,762,763,764,765,766,767,768,769,770,771,772,773,774,775,776,777,778,779,780,781,782,783,784,785,786,787,788,789,790,791,792,793,794,795,796,797,798,799,800,801,802,803,804,805,806,807,808,809,810,811,812,813,814,815,816,817,818,819,820,821,822,823,824,825,826
759,760,761,762,763,764,765,766,767,768,769,770,771,772,773,774,775,776,777,778,779,780,781,782,783,784,785,786,787,788,789,790,791,792,793,794,795,796,797,798,799,800,801,802,803,804,805,806,807,808,809,810,811,812,813,814,815,816,817,818,819,820,821,822,823,824,825,826
827,828,829,830,831,832,833,834,835,836,837,838,839,840,841,842,843,844,845,846,847,848,849,850,851,852,853,854,855,856,857,858,859,860,861,862,863,864,865,866,867,868,869,870,871,872,873,874,875,876,877,878,879,880,881,882,883,884,885,886,887,888,889,890,891,892,893,894
827,828,829,830,831,832,833,834,835,836,837,838,839,840,841,842,843,844,845,846,847,848,849,850,851,852,853,854,855,856,857,858,859,860,861,862,863,864,865,866,867,868,869,870,871,872,873,874,875,876,877,878,879,880,881,882,883,884,885,886,887,888,889,890,891,892,893,894
827,828,829,830,831,832,833,834,835,836,837,838,839,840,841,842,843,844,845,846,847,848,849,850,851,852,853,854,855,856,857,858,859,860,861,862,863,864,865,866,867,868,869,870,871,872,873,874,875,876,877,878,879,880,881,882,883,884,885,886,887,888,889,890,891,892,893,894
827,828,829,830,831,832,833,834,835,836,837,838,839,840,841,842,843,844,845,846,847,848,849,850,851,852,853,854,855,856,857,858,859,860,861,862,863,864,865,866,867,868,869,870,871,872,873,874,875,876,877,878,879,880,881,882,883,884,885,886,887,888,889,890,891,892,893,894
895,896,897,898,899,900,901,902,903,904,905,906,907,908,909,910,911,912,913,914,915,916,917,918,919,920,921,922,923,924,925,926,927,928,929,930,931,932,933,934,935,936,937,938,939,940,941,942,943,944,945,946,947,948,949,950
827,828,829,830,831,832,833,834,835,836,837,838,839,840,841,842,843,844,845,846,847,848,849,850,851,852,853,854,855,856,857,858,859,860,861,862,863,864,865,866,867,868,869,870,871,872,873,874,875,876,877,878,879,880,881,882,883,884,885,886,887,888,889,890,891,892,893,894
895,896,897,898,899,900,901,902,903,904,905,906,907,908,909,910,911,912,913,914,915,916,917,918,919,920,921,922,923,924,925,926,927,928,929,930,931,932,933,934,935,936,937,938,939,940,941,942,943,944,945,946,947,948,949,950
827,828,829,830,831,832,833,834,835,836,837,838,839,840,841,842,843,844,845,846,847,848,849,850,851,852,853,854,855,856,857,858,859,860,861,862,863,864,865,866,867,868,869,870,871,872,873,874,875,876,877,878,879,880,881,882,883,884,885,886,887,888,889,890,891,892,893,894
368,379,390,392,406,440,458,464,465,466,504,515,526,528,542,576,594,600,601,602,640,651,662,664,678,712,730,736,737,738,776,787,798,800,814,848,866,872,873,874,895,902,909,916,923,930,937,944
368,379,390,392,406,440,458,464,465,466,504,515,526,528,542,576,594,600,601,602,640,651,662,664,678,712,730,736,737,738,776,787,798,800,814,848,866,872,873,874,895,902,909,916,923,930,937,944
368,379,390,392,406,440,458,464,465,466,504,515,526,528,542,576,594,600,601,602,640,651,662,664,678,712,730,736,737,738,776,787,798,800,814,848,866,872,873,874,895,902,909,916,923,930,937,944
368,379,390,392,406,440,458,464,465,466,504,515,526,528,542,576,594,600,601,602,640,651,662,664,678,712,730,736,737,738,776,787,798,800,814,848,866,872,873,874,895,902,909,916,923,930,937,944
895,896,897,898,899,900,901,902,903,904,905,906,907,908,909,910,911,912,913,914,915,916,917,918,919,920,921,922,923,924,925,926,927,928,929,930,931,932,933,934,935,936,937,938,939,940,941,942,943,944,945,946,947,948,949,950
759,760,761,762,763,764,765,766,767,768,769,770,771,772,773,774,775,776,777,778,779,780,781,782,783,784,785,786,787,788,789,790,791,792,793,794,795,796,797,798,799,800,801,802,803,804,805,806,807,808,809,810,811,812,813,814,815,816,817,818,819,820,821,822,823,824,825,826
895,896,897,898,899,900,901,902,903,904,905,906,907,908,909,910,911,912,913,914,915,916,917,918,919,920,921,922,923,924,925,926,927,928,929,930,931,932,933,934,935,936,937,938,939,940,941,942,943,944,945,946,947,948,949,950
759,760,761,762,763,764,765,766,767,768,769,770,771,772,773,774,775,776,777,778,779,780,781,782,783,784,785,786,787,788,789,790,791,792,793,794,795,796,797,798,799,800,801,802,803,804,805,806,807,808,809,810,811,812,813,814,815,816,817,818,819,820,821,822,823,824,825,826
488,492,493,509,532,535,540,543,544,547,566,568,575,579,587,599,602,605,608,610,612,616,617,618,619,621,624,628,629,645,668,671,676,679,680,683,702,704,711,715,723,735,738,741,744,746,748,752,753,754,755,757,760,764,765,781,804,807,812,815,816,819,838,840,847,851,859,871,874,877,880,882,884,888,889,890,891,893,904,905,918,919,932,933,946,947
488,492,493,509,532,535,540,543,544,547,566,568,575,579,587,599,602,605,608,610,612,616,617,618,619,621,624,628,629,645,668,671,676,679,680,683,702,704,711,715,723,735,738,741,744,746,748,752,753,754,755,757,760,764,765,781,804,807,812,815,816,819,838,840,847,851,859,871,874,877,880,882,884,888,889,890,891,893,904,905,918,919,932,933,946,947
313,314,315,317,488,491,494,497,501,507,512,541,552,553,560,562,570,571,584,590,595,614,616,624,627,630,633,637,643,648,677,688,689,696,698,706,707,720,726,731,750,752,760,763,766,769,773,779,784,813,824,825,832,834,842,843,856,862,867,886,888,897,899,906,911,913,920,925,927,934,939,941,948
313,314,315,317,488,491,494,497,501,507,512,541,552,553,560,562,570,571,584,590,595,614,616,624,627,630,633,637,643,648,677,688,689,696,698,706,707,720,726,731,750,752,760,763,766,769,773,779,784,813,824,825,832,834,842,843,856,862,867,886,888,897,899,906,911,913,920,925,927,934,939,941,948
313,314,315,317,488,491,494,497,501,507,512,541,552,553,560,562,570,571,584,590,595,614,616,624,627,630,633,637,643,648,677,688,689,696,698,706,707,720,726,731,750,752,760,763,766,769,773,779,784,813,824,825,832,834,842,843,856,862,867,886,888,897,899,906,911,913,920,925,927,934,939,941,948
313,314,315,317,488,491,494,497,501,507,512,541,552,553,560,562,570,571,584,590,595,614,616,624,627,630,633,637,643,648,677,688,689,696,698,706,707,720,726,731,750,752,760,763,766,769,773,779,784,813,824,825,832,834,842,843,856,862,867,886,888,897,899,906,911,913,920,925,927,934,939,941,948
895,896,897,898,899,900,901,902,903,904,905,906,907,908,909,910,911,912,913,914,915,916,917,918,919,920,921,922,923,924,925,926,927,928,929,930,931,932,933,934,935,936,937,938,939,940,941,942,943,944,945,946,947,948,949,950
691,692,693,694,695,696,697,698,699,700,701,702,703,704,705,706,707,708,709,710,711,712,713,714,715,716,717,718,719,720,721,722,723,724,725,726,727,728,729,730,731,732,733,734,735,736,737,738,739,740,741,742,743,744,745,746,747,748,749,750,751,752,753,754,755,756,757,758
895,896,897,898,899,900,901,902,903,904,905,906,907,908,909,910,911,912,913,914,915,916,917,918,919,920,921,922,923,924,925,926,927,928,929,930,931,932,933,934,935,936,937,938,939,940,941,942,943,944,945,946,947,948,949,950
623,624,625,626,627,628,629,630,631,632,633,634,635,636,637,638,639,640,641,642,643,644,645,646,647,648,649,650,651,652,653,654,655,656,657,658,659,660,661,662,663,664,665,666,667,668,669,670,671,672,673,674,675,676,677,678,679,680,681,682,683,684,685,686,687,688,689,690
316,501,504,505,530,533,537,538,565,567,583,584,585,586,591,620,637,640,641,666,669,673,674,701,703,719,720,721,722,727,756,773,776,777,802,805,809,810,837,839,855,856,857,858,863,892,904,905,907,918,919,921,932,933,935,946,947,949
316,501,504,505,530,533,537,538,565,567,583,584,585,586,591,620,637,640,641,666,669,673,674,701,703,719,720,721,722,727,756,773,776,777,802,805,809,810,837,839,855,856,857,858,863,892,904,905,907,918,919,921,932,933,935,946,947,949
316,501,504,505,530,533,537,538,565,567,583,584,585,586,591,620,637,640,641,666,669,673,674,701,703,719,720,721,722,727,756,773,776,777,802,805,809,810,837,839,855,856,857,858,863,892,904,905,907,918,919,921,932,933,935,946,947,949
316,501,504,505,530,533,537,538,565,567,583,584,585,586,591,620,637,640,641,666,669,673,674,701,703,719,720,721,722,727,756,773,776,777,802,805,809,810,837,839,855,856,857,858,863,892,904,905,907,918,919,921,932,933,935,946,947,949
555,556,557,558,559,560,561,562,563,564,565,566,567,568,569,570,571,572,573,574,575,576,577,578,579,580,581,582,583,584,585,586,587,588,589,590,591,592,593,594,595,596,597,598,599,600,601,602,603,604,605,606,607,608,609,610,611,612,613,614,615,616,617,618,619,620,621,622
487,488,489,490,491,492,493,494,495,496,497,498,499,500,501,502,503,504,505,506,507,508,509,510,511,512,513,514,515,516,517,518,519,520,521,522,523,524,525,526,527,528,529,530,531,532,533,534,535,536,537,538,539,540,541,542,543,544,545,546,547,548,549,550,551,552,553,554
555,556,557,558,559,560,561,562,563,564,565,566,567,568,569,570,571,572,573,574,575,576,577,578,579,580,581,582,583,584,585,586,587,588,589,590,591,592,593,594,595,596,597,598,599,600,601,602,603,604,605,606,607,608,609,610,611,612,613,614,615,616,617,618,619,620,621,622
487,488,489,490,491,492,493,494,495,496,497,498,499,500,501,502,503,504,505,506,507,508,509,510,511,512,513,514,515,516,517,518,519,520,521,522,523,524,525,526,527,528,529,530,531,532,533,534,535,536,537,538,539,540,541,542,543,544,545,546,547,548,549,550,551,552,553,554
501,504,505,506,514,516,522,530,533,537,538,556,565,567,569,583,584,585,586,589,591,604,613,620,637,640,641,642,650,652,658,666,669,673,674,692,701,703,705,719,720,721,722,725,727,740,749,756,773,776,777,778,786,788,794,802,805,809,810,828,837,839,841,855,856,857,858,861,863,876,885,892,896,898,904,905,907,910,912,918,919,921,924,926,932,933,935,938,940,946,947,949
501,504,505,506,514,516,522,530,533,537,538,556,565,567,569,583,584,585,586,589,591,604,613,620,637,640,641,642,650,652,658,666,669,673,674,692,701,703,705,719,720,721,722,725,727,740,749,756,773,776,777,778,786,788,794,802,805,809,810,828,837,839,841,855,856,857,858,861,863,876,885,892,896,898,904,905,907,910,912,918,919,921,924,926,932,933,935,938,940,946,947,949
501,504,505,506,514,516,522,530,533,537,538,556,565,567,569,583,584,585,586,589,591,604,613,620,637,640,641,642,650,652,658,666,669,673,674,692,701,703,705,719,720,721,722,725,727,740,749,756,773,776,777,778,786,788,794,802,805,809,810,828,837,839,841,855,856,857,858,861,863,876,885,892,896,898,904,905,907,910,912,918,919,921,924,926,932,933,935,938,940,946,947,949
501,504,505,506,514,516,522,530,533,537,538,556,565,567,569,583,584,585,586,589,591,604,613,620,637,640,641,642,650,652,658,666,669,673,674,692,701,703,705,719,720,721,722,725,727,740,749,756,773,776,777,778,786,788,794,802,805,809,810,828,837,839,841,855,856,857,858,861,863,876,885,892,896,898,904,905,907,910,912,918,919,921,924,926,932,933,935,938,940,946,947,949
313,314,315,317,494,497,501,503,507,512,517,525,527,529,535,536,539,541,552,560,561,571,580,581,584,595,607,609,611,615,622,630,633,637,639,643,648,653,661,663,665,671,672,675,677,688,696,697,707,716,717,720,731,743,745,747,751,758,766,769,773,775,779,784,789,797,799,801,807,808,811,813,824,832,833,843,852,853,856,867,879,881,883,887,894,908,922,936,950
313,314,315,317,494,497,501,503,507,512,517,525,527,529,535,536,539,541,552,560,561,571,580,581,584,595,607,609,611,615,622,630,633,637,639,643,648,653,661,663,665,671,672,675,677,688,696,697,707,716,717,720,731,743,745,747,751,758,766,769,773,775,779,784,789,797,799,801,807,808,811,813,824,832,833,843,852,853,856,867,879,881,883,887,894,908,922,936,950
313,314,315,317,494,497,501,503,507,512,517,525,527,529,535,536,539,541,552,560,561,571,580,581,584,595,607,609,611,615,622,630,633,637,639,643,648,653,661,663,665,671,672,675,677,688,696,697,707,716,717,720,731,743,745,747,751,758,766,769,773,775,779,784,789,797,799,801,807,808,811,813,824,832,833,843,852,853,856,867,879,881,883,887,894,908,922,936,950
313,314,315,317,494,497,501,503,507,512,517,525,527,529,535,536,539,541,552,560,561,571,580,581,584,595,607,609,611,615,622,630,633,637,639,643,648,653,661,663,665,671,672,675,677,688,696,697,707,716,717,720,731,743,745,747,751,758,766,769,773,775,779,784,789,797,799,801,807,808,811,813,824,832,833,843,852,853,856,867,879,881,883,887,894,908,922,936,950
307,332,338,408,511,524,526,550,553,555,577,584,597,602,635,651,670,678,689,690,701,703,713,732,736,737,741,780,791,794,796,798,800,803,804,806,821,822,827,830,835,836,837,847,853,857,876,892
307,332,338,408,511,524,526,550,553,555,577,584,597,602,635,651,670,678,689,690,701,703,713,732,736,737,741,780,791,794,796,798,800,803,804,806,821,822,827,830,835,836,837,847,853,857,876,892
351,352,353,354,355,356,357,358,359,360,361,362,487,488,489,490,491,492,493,494,495,496,497,498,623,624,625,626,627,628,629,630,631,632,633,634,759,760,761,762,763,764,765,766,767,768,769,770
351,352,353,354,355,356,357,358,359,360,361,362,487,488,489,490,491,492,493,494,495,496,497,498,623,624,625,626,627,628,629,630,631,632,633,634,759,760,761,762,763,764,765,766,767,768,769,770
623,624,625,626,627,628,629,630,631,632,633,634,635,636,637,638,639,640,641,642,643,644,645,646,647,648,649,650,651,652,653,654,655,656,657,658,659,660,661,662,663,664,665,666,667,668,669,670,671,672,673,674,675,676,677,678,679,680,681,682,683,684,685,686,687,688,689,690
691,692,693,694,695,696,697,698,699,700,701,702,703,704,705,706,707,708,709,710,711,712,713,714,715,716,717,718,719,720,721,722,723,724,725,726,727,728,729,730,731,732,733,734,735,736,737,738,739,740,741,742,743,744,745,746,747,748,749,750,751,752,753,754,755,756,757,758
324,502,506,511,515,518,533,538,548,551,552,557,564,578,586,600,602,608,610,612,638,642,647,651,654,669,674,684,687,688,693,700,714,722,736,738,744,746,748,774,778,783,787,790,805,810,820,823,824,829,836,850,858,872,874,880,882,884
324,502,506,511,515,518,533,538,548,551,552,557,564,578,586,600,602,608,610,612,638,642,647,651,654,669,674,684,687,688,693,700,714,722,736,738,744,746,748,774,778,783,787,790,805,810,820,823,824,829,836,850,858,872,874,880,882,884
494,497,501,507,512,541,552,560,571,584,595,630,633,637,643,648,677,688,696,707,720,731,761,764,766,767,769,770,773,774,778,779,783,784,787,790,795,805,810,813,820,823,824,829,832,836,843,850,856,858,860,867,872,874,880,882,884
494,497,501,507,512,541,552,560,571,584,595,630,633,637,643,648,677,688,696,707,720,731,761,764,766,767,769,770,773,774,778,779,783,784,787,790,795,805,810,813,820,823,824,829,832,836,843,850,856,858,860,867,872,874,880,882,884
496,499,500,502,518,531,532,543,544,545,546,547,563,565,566,572,575,577,579,587,596,597,599,601,605,618,621,632,635,636,638,654,667,668,679,680,681,682,683,699,701,702,708,711,713,715,723,732,733,735,737,741,754,757,768,771,772,774,790,803,804,815,816,817,818,819,835,837,838,844,847,849,851,859,868,869,871,873,877,890,893
496,499,500,502,518,531,532,543,544,545,546,547,563,565,566,572,575,577,579,587,596,597,599,601,605,618,621,632,635,636,638,654,667,668,679,680,681,682,683,699,701,702,708,711,713,715,723,732,733,735,737,741,754,757,768,771,772,774,790,803,804,815,816,817,818,819,835,837,838,844,847,849,851,859,868,869,871,873,877,890,893
263,264,265,291,298,299,344,347,348,531,532,545,546,547,566,572,579,597,599,605,618,667,668,681,682,683,702,708,715,733,735,741,754,803,804,817,818,819,838,844,851,869,871,877,890
263,264,265,291,298,299,344,347,348,531,532,545,546,547,566,572,579,597,599,605,618,667,668,681,682,683,702,708,715,733,735,741,754,803,804,817,818,819,838,844,851,869,871,877,890
506,514,516,522,528,549,550,555,556,569,589,598,604,613,642,650,652,658,664,685,686,691,692,705,725,734,740,749,778,786,788,794,800,821,822,827,828,841,861,870,876,885
506,514,516,522,528,549,550,555,556,569,589,598,604,613,642,650,652,658,664,685,686,691,692,705,725,734,740,749,778,786,788,794,800,821,822,827,828,841,861,870,876,885
351,352,353,354,355,356,357,358,359,360,361,362,363,364,365,366,367,368,369,370,371,372,373,374,375,376,377,378,379,380,381,382,383,384,385,386,387,388,389,390,391,392,393,394,395,396,397,398,399,400,401,402,403,404,405,406,407,408,409,410,411,412,413,414,415,416,417,418
419,420,421,422,423,424,425,426,427,428,429,430,431,432,433,434,435,436,437,438,439,440,441,442,443,444,445,446,447,448,449,450,451,452,453,454,455,456,457,458,459,460,461,462,463,464,465,466,467,468,469,470,471,472,473,474,475,476,477,478,479,480,481,482,483,484,485,486
276,324,332,339,510,519,524,528,534,541,543,544,549,550,554,555,562,568,574,576,578,592,598,603,618,646,655,660,664,670,677,679,680,685,686,690,691,698,704,710,712,714,728,734,739,754,782,791,796,800,806,813,815,816,821,822,826,827,834,840,846,848,850,864,870,875,890
276,324,332,339,510,519,524,528,534,541,543,544,549,550,554,555,562,568,574,576,578,592,598,603,618,646,655,660,664,670,677,679,680,685,686,690,691,698,704,710,712,714,728,734,739,754,782,791,796,800,806,813,815,816,821,822,826,827,834,840,846,848,850,864,870,875,890
487,488,489,490,491,492,493,494,495,496,497,498,499,500,501,502,503,504,505,506,507,508,509,510,511,512,513,514,515,516,517,518,519,520,521,522,523,524,525,526,527,528,529,530,531,532,533,534,535,536,537,538,539,540,541,542,543,544,545,546,547,548,549,550,551,552,553,554
555,556,557,558,559,560,561,562,563,564,565,566,567,568,569,570,571,572,573,574,575,576,577,578,579,580,581,582,583,584,585,586,587,588,589,590,591,592,593,594,595,596,597,598,599,600,601,602,603,604,605,606,607,608,609,610,611,612,613,614,615,616,617,618,619,620,621,622
895,896,897,898,899,900,901,902,903,904,905,906,907,908,909,910,911,912,913,914,915,916,917,918,919,920,921,922,923,924,925,926,927,928,929,930,931,932,933,934,935,936,937,938,939,940,941,942,943,944,945,946,947,948,949,950
827,828,829,830,831,832,833,834,835,836,837,838,839,840,841,842,843,844,845,846,847,848,849,850,851,852,853,854,855,856,857,858,859,860,861,862,863,864,865,866,867,868,869,870,871,872,873,874,875,876,877,878,879,880,881,882,883,884,885,886,887,888,889,890,891,892,893,894
494,497,501,507,512,531,532,541,545,546,547,552,560,566,571,572,579,584,595,597,599,605,618,630,633,637,643,648,667,668,677,681,682,683,688,696,702,707,708,715,720,731,733,735,741,754,766,769,773,779,784,803,804,813,817,818,819,824,832,838,843,844,851,856,867,869,871,877,890
494,497,501,507,512,531,532,541,545,546,547,552,560,566,571,572,579,584,595,597,599,605,618,630,633,637,643,648,667,668,677,681,682,683,688,696,702,707,708,715,720,731,733,735,741,754,766,769,773,779,784,803,804,813,817,818,819,824,832,838,843,844,851,856,867,869,871,877,890
501,504,505,528,530,533,537,538,549,550,555,565,567,583,584,585,586,591,598,620,637,640,641,664,666,669,673,674,685,686,691,701,703,719,720,721,722,727,734,756,773,776,777,800,802,805,809,810,821,822,827,837,839,855,856,857,858,863,870,892
501,504,505,528,530,533,537,538,549,550,555,565,567,583,584,585,586,591,598,620,637,640,641,664,666,669,673,674,685,686,691,701,703,719,720,721,722,727,734,756,773,776,777,800,802,805,809,810,821,822,827,837,839,855,856,857,858,863,870,892
508,509,547,559,567,575,595,597,599,604,620,644,645,683,695,703,711,731,733,735,740,756,780,781,819,831,839,847,867,869,871,876,892
508,509,547,559,567,575,595,597,599,604,620,644,645,683,695,703,711,731,733,735,740,756,780,781,819,831,839,847,867,869,871,876,892
307,332,338,408,511,524,526,550,553,555,577,584,597,602,635,651,670,678,689,690,701,703,713,732,736,737,741,780,791,794,796,798,800,803,804,806,821,822,827,830,835,836,837,847,853,857,876,892
307,332,338,408,511,524,526,550,553,555,577,584,597,602,635,651,670,678,689,690,701,703,713,732,736,737,741,780,791,794,796,798,800,803,804,806,821,822,827,830,835,836,837,847,853,857,876,892
488,509,513,517,540,550,574,577,579,582,603,608,615,617,619,624,645,649,653,676,686,710,713,715,718,739,744,751,753,755,760,781,785,789,812,822,846,849,851,854,875,880,887,889,891,895,896,897,909,910,911,923,924,925,937,938,939
334,488,509,513,517,540,550,574,577,579,582,603,608,615,617,619,624,645,649,653,676,686,710,713,715,718,739,744,751,753,755,760,781,785,789,812,822,846,849,851,854,875,880,887,889,891,895,896,897,909,910,911,923,924,925,937,938,939
251,252,253,254,255,256,257,258,259,260,261,262,263,264,265,266,267,268,269,270,271,272,273,274,275,276,277,278,279,280,281,282,283,284,285,286,287,288,289,290,291,292,293,294,295,296,297,298,299,300,301,302,303,304,305,306,307,308,309,310,311,312,313,314,315,316,317,318,319,320,321,322,323,324,325,326,327,328,329,330,331,332,333,334,335,336,337,338,339,340,341,342,343,344,345,346,347,348,349,350
691,692,693,694,695,696,697,698,699,700,701,702,703,704,705,706,707,708,709,710,711,712,713,714,715,716,717,718,719,720,721,722,723,724,725,726,727,728,729,730,731,732,733,734,735,736,737,738,739,740,741,742,743,744,745,746,747,748,749,750,751,752,753,754,755,756,757,758
251,252,253,254,255,256,257,258,259,260,261,262,263,264,265,266,267,268,269,270,271,272,273,274,275,276,277,278,279,280,281,282,283,284,285,286,287,288,289,290,291,292,293,294,295,296,297,298,299,300,301,302,303,304,305,306,307,308,309,310,311,312,313,314,315,316,317,318,319,320,321,322,323,324,325,326,327,328,329,330,331,332,333,334,335,336,337,338,339,340,341,342,343,344,345,346,347,348,349,350
623,624,625,626,627,628,629,630,631,632,633,634,635,636,637,638,639,640,641,642,643,644,645,646,647,648,649,650,651,652,653,654,655,656,657,658,659,660,661,662,663,664,665,666,667,668,669,670,671,672,673,674,675,676,677,678,679,680,681,682,683,684,685,686,687,688,689,690
487,490,493,496,507,520,521,523,524,542,545,573,585,593,606,623,626,629,632,643,656,657,659,660,678,681,709,721,729,742,759,762,765,768,779,792,793,795,796,814,817,845,857,865,878
487,490,493,496,507,520,521,523,524,542,545,573,585,593,606,623,626,629,632,643,656,657,659,660,678,681,709,721,729,742,759,762,765,768,779,792,793,795,796,814,817,845,857,865,878
452,453,454,455,456,457,458,588,589,590,591,592,593,594,724,725,726,727,728,729,730,860,861,862,863,864,865,866
452,453,454,455,456,457,458,588,589,590,591,592,593,594,724,725,726,727,728,729,730,860,861,862,863,864,865,866
475,580,591,609,654,748,852,864,879,881,884,904,905,921,933,949
401,419,437,447,449,455,458,468,471,478,479,537,555,573,583,585,591,594,604,607,614,615,673,691,709,719,721,727,730,740,743,750,751,809,827,845,855,857,863,866,876,879,886,887,896,904,905,910,918,919,924,932,933,938,946,947
494,497,501,507,510,512,532,541,552,560,561,566,571,584,595,601,605,608,617,618,619,620,621,622,630,633,637,643,646,648,668,677,688,696,697,702,707,720,731,737,741,744,753,754,755,756,757,758,766,769,773,779,782,784,804,813,824,832,833,838,843,856,867,873,877,880,889,890,891,892,893,894,908,922,936,950
289,320,357,363,386,440,443,450,467,493,499,522,576,579,586,603,629,635,658,712,715,722,739,765,771,794,848,851,858,875
319,350,372,373,436,439,456,461,462,508,509,547,572,575,592,597,598,644,645,683,708,711,728,733,734,780,781,819,844,847,864,869,870,901,902,903,907,915,916,917,921,929,930,931,935,943,944,945,949
469,476,481
948,949,950
